13 82
15 121
22 161
35 199
57 233
89 264
124 290
165 309
212 315
258 305
296 282
329 257
355 225
369 188
380 153
383 115
383 75
67 30
88 18
115 14
141 14
168 21
241 17
265 12
291 11
316 15
337 25
207 58
207 79
209 101
209 124
181 146
194 151
211 151
226 149
240 143
102 65
119 57
138 57
155 63
138 69
120 69
255 61
269 54
290 54
305 62
288 66
271 66
146 204
163 190
185 180
211 180
233 180
256 189
272 203
257 220
236 232
212 237
184 234
164 221
163 203
185 196
212 193
234 194
257 202
235 212
210 215
184 212