173 204
164 235
156 260
154 292
153 322
171 349
186 372
208 395
240 411
277 411
314 403
341 391
365 373
382 350
395 323
406 289
407 254
186 184
201 173
216 175
232 183
249 189
308 207
334 201
356 213
376 222
388 240
263 254
258 274
253 300
247 322
225 326
236 332
247 335
262 337
276 334
176 245
198 231
225 240
233 268
211 265
192 258
303 280
325 260
354 262
372 278
355 286
329 287
208 344
222 348
237 350
249 353
268 355
283 357
297 357
281 367
265 374
245 374
229 369
218 360
216 349
232 354
248 357
268 359
287 360
267 365
247 365
231 361
406 177
403 128
402 85
370 27
318 21
270 22
229 45
194 82
191 120
190 152